29859
25263
9220
41229
18411
34566
29577
35616
27015
61678
55371
3873
50404
10281
45625
60506
52956
8369
44035
37057
51360
146
22348
47645
47440
6454
63135
42777
12507
7776
34171
2179
2273
29141
37039
10819
39986
41540
46490
31504
57609
41497
5309
36875
38381
26684
52807
32695
15124
36116
54765
23933
60103
31308
22719
17738
43178
8063
21482
46347
25183
2504
18678
31031
25014
46144
39653
43340
12832
60408
43621
45747
9784
63323
19905
14990
32701
40764
34363
21433
20904
19309
3993
43974
12966
44515
33481
37502
47858
18998
41292
10655
9461
56427
3953
20531
41280
54487
20154
38049
32208
61666
27489
23625
62221
19639
14035
40385
41023
2427
30941
50568
45621
64079
37041
19146
41689
26818
6648
58527
5386
23348
20312
26226
46565
21978
50914
56861
18841
3377
27860
22036
14023
12222
10559
29659
28063
20550
46286
19791
28880
6778
52010
8273
25327
42452
7640
56852
13519
48575
21453
41071
42290
59230
40960
29149
33272
25688
24259
17109
11087
19338
65138
20248
29700
27743
46746
36247
44006
13414
10544
27642
35739
24633
40501
3565
20895
19989
45872
30285
12130
16559
57319
28518
2371
31066
22628
9710
62801
32950
35967
19092
6369
14770
46717
9728
56611
62399
44958
30012
40044
58097
10859
40735
9714
30602
49687
128
55704
36503
15335
45828
53875
29425
20009
31644
6634
62785
8087
2158
16458
23326
3286
33809
57145
42241
40843
56387
28784
20746
48818
9840
54286
45421
10536
60212
49066
37218
9686
5404
52919
59071
54977
60776
55170
57608
53734
17573
39650
48466
2669
19427
37192
22757
57933
4002
802
51015
38638
11707
24070
62396
32288
40494
49331
5693
33432
63822
34675
2350
33872
61282
36183
9032
10142
60432
18250
28969
57869
36212
36908
6049
54340
31122
17307
25442
4245
42843
50120
61635
5307
47338
30694
18088
30404
1309
49414
57044
32695
17826
62513
35875
52771
3621
36689
26796
13835
40889
9307
25292
13905
58177
47179
21708
17612
17534
33621
34748
21750
24630
57900
4876
49365
28733
46867
47120
48050
45819
41264
26342
49564
46853
4954
20877
53403
6411
1519
24224
22723
26893
27312
32577
41297
15719
43902
14251
17107
1391
58915
59325
23482
42032
44451
44299
21750
54344
21932
12982
41698
35577
64659
20637
39615
8047
3149
58409
39321
42801
63725
64638
44612
26463
58448
64320
18375
13893
8183
7684
5134
24561
31021
31651
62099
58732
54605
38891
19387
30478
65025
34796
6872
12576
1154
15813
54597
9600
22699
64620
6269
65226
27246
30396
41548
20592
21216
35196
46253
23847
54041
27193
18917
36947
50150
9461
47113
35415
32399
13578
56494
18496
36534
19114
7504
39089
11262
2566
26185
5884
12724
60385
31762
19907
65529
52572
113
20788
28228
7730
19051
8477
38834
44544
56121
58034
16367
37458
51171
37575
8335
31977
50509
10882
62422
39835
48870
27530
14446
1550
36392
9298
45727
6513
52596
56167
45168
31581
5022
30605
14389
58306
37118
54505
2352
5648
60211
54001
50669
29763
58513
30241
42157
28450
24343
20905
38125
26162
23492
51844
14169
46026
58824
34078
12277
3770
18432
45820
63247
50991
21158
9491
9437
57400
57635
19415
25568
38613
48393
21953
28516
33551
40341
47735
19451
25433
33428
59903
55336
36542
24903
59097
55583
33682
55522
1446
17387
38496
60986
18279
2911
13351
6604
2771
39023
52198
60547
36773
551
23074
21710
51874
28046
54670
62189
50348
55739
47916
46946
34948
14952
37237
13482
62596
45239
4704
3410
32099
4027
27489
56245
36818
40504
38121
61768
11796
14786
39153
41689
12131
65210
60899
17715
5859
21820
2292
62848
24981
33494
29991
12603
58420
31841
4752
46773
62882
55396
26878
14168
44668
12798
63841
54275
7495
39858
16099
57562
30227
39404
11236
62495
42836
31706
46029
10845
27046
24487
47534
58499
34844
8791
8372
6657
22595
25777
57170
58463
57046
31603
48188
56040
3662
61958
44548
36505
43352
29225
57019
20554
17101
45275
50499
61368
25043
3980
4630
20899
10465
8274
52521
18407
54371
13028
45841
43209
44900
38652
57380
5247
38057
50418
11804
31219
63211
8252
23354
16319
40383
24109
28096
62714
36027
44781
39966
49305
53554
54487
58653
3680
34658
12254
3244
34755
15331
3385
48443
34275
47109
3
31647
21108
16879
45932
4108
44976
49562
11123
10898
56948
5373
15236
51294
19564
3476
41872
10654
1650
8860
41466
45607
15290
17358
19433
37158
32954
31376
60323
33513
64487
8602
22211
60069
21962
34597
20899
9746
47334
19038
60231
41360
42843
54272
23328
25998
9166
61973
30932
42398
3034
2556
58278
6919
27500
4260
27620
32768
38250
47355
12919
29302
30138
8920
12937
64876
38636
728
54343
27390
59704
23668
40822
14074
23718
48326
56858
44876
44162
38076
50187
13369
22904
9942
40252
4826
16786
9536
19184
39155
48338
60275
32145
32215
51612
26870
13842
53654
202
45824
7350
54689
36204
34776
42040
63788
49917
14841
5547
31749
40360
49549
60259
17497
9774
33331
3585
21424
32112
30684
59059
5332
3519
27177
62150
54413
53554
53238
53153
63807
49025
44907
8367
40697
47799
57284
23453
50539
56171
9109
26663
10504
58027
725
8314
40786
9281
42362
31582
38210
12093
8340
29499
21867
18228
16975
22888
32405
52878
25568
3609
37651
44040
48406
46864
35175
35589
8755
52193
36916
23111
40078
15097
54781
22215
30442
45054
43370
11141
51800
40982
1189
39663
25957
17357
58944
54742
49212
30391
22621
7739
11018
2842
54106
54491
14998
18833
43233
17991
51302
29390
16019
56092
26983
24983
16724
3479
44783
9799
21362
16518
41890
16515
31995
18435
61231
10442
20085
54866
45711
12128
61363
46660
14675
27158
32272
41890
58741
60283
11296
63673
32863
52751
36976
20886
16352
37251
50614
43163
5780
51436
15701
30898
16178
25549
291
48710
42940
49791
13199
38091
58958
60920
49593
62018
35948
27762
53747
8154
63639
21859
42711
63021
36715
6284
39907
14186
36753
23360
63609
14790
25816
58721
35242
15236
32974
45604
63086
28579
49340
18694
19788
2373
23563
52847
22997
11362
12566
6809
25752
52869
9117
17894
23777
51799
40352
48325
22918
63298
17292
10319
26898
13059
38350
29842
57926
24749
46598
30718
41041
20200
25544
18717
43640
53514
46595
3731
53670
41843
12643
539
28539
44750
56129
